trial,sched_type,preemption_interval_us,throughput,proportion_long_jobs,num_short,num_long,short_0_pct,short_25_pct,short_50_pct,short_75_pct,short_90_pct,short_99_pct,short_99.9_pct,short_100_pct,long_0_pct,long_25_pct,long_50_pct,long_75_pct,long_90_pct,long_99_pct,long_99.9_pct,long_100_pct
3,dFCFS,0,5000,0.01,24744,256,1.251000,1.868750,2.599000,3.251000,6.022000,956.196100,1054.403899,7561.563000,1000.374000,1001.020750,1001.603500,1002.221750,1005.023000,1861.252150,2508.726300,2720.463000
1,dFCFS,0,5000,0.5,12640,12360,1.239000,1.814000,2.493000,2.895000,5.274100,17.160710,1955.524462,2773.080000,1000.211000,1000.826000,1001.502000,1001.905000,1004.451000,1299.588610,3017.491009,76175.147000
3,dFCFS,0,10000,0.01,49528,472,1.191000,1.746000,2.522000,2.980000,5.561300,6.717000,11.617002,532.646000,1000.307000,1000.775250,1001.525000,1002.013750,1004.538200,1009.699010,1191.263184,1304.631000
1,dFCFS,0,10000,0.5,24807,25193,1.189000,2.137000,2.518000,2.859000,6.466800,106.770020,210.036744,400.367000,1000.151000,1001.127000,1001.526000,1001.874000,1006.240000,1109.440080,1262.018064,1509.713000
2,dFCFS,0,15000,0.01,74245,755,1.152000,1.771000,2.497000,2.939000,5.505000,6.752560,11.988780,621.021000,1000.299000,1000.872000,1001.538000,1001.967500,1004.718400,1006.985320,1214.735242,1262.710000
3,dFCFS,0,15000,0.5,37444,37556,1.180000,9.862500,270.587000,717.394000,1748.362000,8444.494570,10085.401168,10841.436000,1000.190000,1008.946750,1269.271000,1742.598500,2753.281500,9409.227250,11034.419495,14265.388000
3,dFCFS,0,20000,0.01,98996,1004,1.175000,1.760000,2.490000,2.931000,5.562000,10.763500,1181.688970,1905.425000,1000.263000,1000.761000,1001.503000,1001.914000,1004.789800,1555.657570,2398.778142,2758.944000
4,dFCFS,0,20000,0.5,50023,49977,2.750000,316413.986000,649903.872000,946242.625500,1138484.279000,1245023.868740,1254902.498102,1258061.207000,1001.051000,316494.631000,642989.548000,945949.889000,1136408.778600,1246024.301080,1256756.562520,1258991.139000
4,cFCFS,500,5000,0.01,24742,258,1.262000,1.889000,2.644000,3.078750,5.197900,6.431180,11.245483,1137.759000,1000.446000,1001.249000,1001.772000,1004.012250,1015.611600,1027.472330,1053.575905,1059.830000
1,cFCFS,500,5000,0.5,12404,12596,1.217000,1.746000,2.452000,2.809000,3.952200,6.260790,172.361547,999.158000,1000.207000,1001.107750,1001.655000,1004.496000,1026.004000,1204.292450,1420.971550,2542.546000
3,cFCFS,500,10000,0.01,49518,482,1.200000,1.747000,2.491000,2.893000,4.876300,6.383830,10.787708,700.590000,1000.273000,1001.196000,1001.709500,1003.963000,1016.463000,1028.797130,1040.687967,1045.687000
3,cFCFS,500,10000,0.5,24821,25179,1.230000,2.033000,2.474000,2.706000,3.315000,30.688800,194.357460,529.891000,1000.206000,1001.259000,1001.621000,1009.674500,1109.987800,1342.761580,1466.621252,2765.232000
3,cFCFS,500,15000,0.01,74235,765,1.151000,1.759000,2.483000,2.889000,4.804000,6.294000,10.936810,190.938000,1000.293000,1001.068000,1001.728000,1004.325000,1019.154600,1030.915800,1107.793232,1191.002000
3,cFCFS,500,15000,0.5,37396,37604,1.151000,2.428000,2.808000,66.216750,203.123500,6138.214400,12208.211410,16189.766000,1000.154000,1001.571000,1016.908000,1162.465750,1316.169900,7504.413330,13403.909308,28543.114000
4,cFCFS,500,20000,0.01,98983,1017,1.175000,1.741000,2.445000,2.843000,4.431800,6.341720,12.335954,368.343000,1000.231000,1000.984000,1001.647000,1004.014000,1017.479600,1033.458000,1213.547016,1259.206000
0,cFCFS,500,20000,0.5,49874,50126,1.386000,21139.927750,45416.463000,66231.230750,87302.415000,102345.079700,103817.574475,104373.876000,1000.528000,22206.059750,46429.166500,67868.631500,88468.233000,103335.709250,104845.939000,105467.245000
2,cfs,0,5000,0.01,24722,278,1.242000,1.845000,2.572000,3.028000,5.590000,6.913790,10.166324,65.231000,1000.378000,1000.982250,1001.608500,1002.090000,1004.568900,1006.298320,1123.356630,1166.239000
3,cfs,0,5000,0.5,12636,12364,1.210000,1.756000,2.419000,2.732000,4.230000,8.384200,1001.030575,1997.859000,1000.166000,1000.794750,1001.436000,1001.747000,1003.521700,1052.522340,2896.162177,8237.468000
2,cfs,0,10000,0.01,49527,473,1.236000,1.755000,2.503000,2.957000,5.555400,6.881480,11.167846,374.342000,1000.309000,1000.814000,1001.523000,1002.069000,1004.745200,1006.547360,1509.722120,1547.442000
1,cfs,0,10000,0.5,24900,25100,1.188000,2.335000,2.561000,4.805000,103.258000,326.935920,1113.691071,4664.313000,1000.204000,1001.335000,1001.559000,1003.835500,1102.570100,1408.672300,5272.083954,16665.519000
3,cfs,0,15000,0.01,74241,759,1.171000,1.689000,2.419000,2.843000,5.407000,6.799200,10.084960,263.332000,1000.294000,1000.717000,1001.411000,1001.806000,1004.435000,1005.660760,1009.105526,1012.822000
3,cfs,0,15000,0.5,37453,37547,1.436000,29405.972000,54283.153000,88467.785000,106493.228800,117672.429040,118898.244620,119396.571000,1000.361000,31965.418500,56217.314000,90146.942500,108882.659600,118874.789760,129058.769664,338605.896000
1,cfs,0,20000,0.01,99028,972,1.165000,1.762000,2.461000,2.899000,5.384000,6.895730,11.470919,238.892000,1000.250000,1000.747000,1001.462500,1001.892250,1004.227200,1006.419380,1238.409317,2888.986000
2,cfs,0,20000,0.5,50276,49724,1.533000,540591.712750,1042884.544000,1362132.455000,1557119.113500,1674628.275750,1686908.439050,1688417.454000,1001.171000,544003.594250,1046431.567500,1362719.467250,1558126.107900,1675924.773030,1688241.435099,1700429.542000
