sched_type,preemption_interval_us,throughput,proportion_long_jobs,num_short,num_long,short_0_pct,short_25_pct,short_50_pct,short_75_pct,short_90_pct,short_99_pct,short_99.9_pct,short_100_pct,long_0_pct,long_25_pct,long_50_pct,long_75_pct,long_90_pct,long_99_pct,long_99.9_pct,long_100_pct
dFCFS,0,5000,0.01,24741,259,1.185000,1.860000,2.624000,3.153000,5.846000,35.384400,50.612340,804.151000,1000.345000,1001.190500,1001.805000,1002.942000,1005.150000,1040.179040,3072.759826,3778.726000
dFCFS,0,5000,0.5,12493,12507,1.251000,1.755000,2.450000,2.859000,5.357200,18095.721000,28989.685920,29304.952000,1000.240000,1000.770000,1001.445000,1001.855000,1004.398000,19589.445920,28994.315230,41069.095000
dFCFS,0,10000,0.01,49492,508,1.198000,1.810000,2.561000,3.091000,5.765000,151.780710,956.463318,979.530000,1000.328000,1000.834250,1001.609500,1002.258250,1004.957800,1243.440730,1939.196912,1955.717000
dFCFS,0,10000,0.5,25156,24844,1.189000,2.168750,2.529000,2.875000,6.772000,203.430300,6088.222200,7308.873000,1000.161000,1001.178000,1001.537000,1001.894000,1006.519400,1205.179600,7211.513348,8305.352000
dFCFS,0,15000,0.01,74181,819,1.175000,1.794000,2.528000,2.988000,5.642000,7.092000,18.076500,661.680000,1000.269000,1000.765500,1001.556000,1001.987000,1004.819000,1007.609620,8456.227598,41043.130000
dFCFS,0,15000,0.5,37496,37504,1.227000,8.997500,211.503500,545.718250,948.232000,1854.367900,2459.252775,2787.738000,1000.197000,1007.459250,1209.233500,1541.857750,1939.598700,2831.635770,3415.415459,22666.151000
dFCFS,0,20000,0.01,98978,1022,1.159000,1.746000,2.462000,2.896000,5.416000,6.864000,15.490334,535.521000,1000.251000,1000.780500,1001.480500,1001.957750,1004.558100,1009.293170,1528.550261,2115.352000
dFCFS,0,20000,0.5,49943,50057,1.361000,315102.658500,636533.094000,962407.405000,1165117.780200,1274387.606020,1286129.434260,1287161.816000,1000.512000,316843.609000,637663.235000,964180.660000,1163940.152400,1275375.474240,1286769.689280,1288132.467000
cFCFS,500,5000,0.01,24750,250,1.240000,1.895000,2.672000,3.135000,5.348000,33.441170,49.635283,357.129000,1000.356000,1001.375000,1001.883500,1004.368250,1020.281200,1035.521470,1046.767137,1047.237000
cFCFS,500,5000,0.5,12507,12493,1.216000,1.728000,2.417000,2.764000,3.861000,6.063960,28.255050,177.636000,1000.220000,1001.090000,1001.610000,1004.346000,1024.515400,1176.728720,1336.061020,2985.724000
cFCFS,500,10000,0.01,49486,514,1.160000,1.829000,2.561000,2.975000,5.028000,6.262000,9.873785,278.482000,1000.354000,1001.202750,1001.694500,1003.983750,1016.595900,1027.382200,1164.081270,1221.645000
cFCFS,500,10000,0.5,24922,25078,1.200000,1.966000,2.456000,2.703000,4.161700,64.347810,711.013128,1208.127000,1000.226000,1001.216000,1001.608000,1009.374500,1100.740800,1362.365530,1809.353946,10546.866000
cFCFS,500,15000,0.01,74298,702,1.158000,1.742000,2.493000,2.894000,4.817000,6.380060,11.633278,445.504000,1000.312000,1000.995500,1001.665000,1003.642250,1015.013800,1030.060500,1085.720469,1103.127000
cFCFS,500,15000,0.5,37526,37474,1.184000,2.463000,2.765000,44.317250,160.530000,411.505250,696.323200,1017.397000,1000.181000,1001.605000,1012.096500,1146.512250,1282.877700,1486.671480,1766.048313,3672.022000
cFCFS,500,20000,0.01,99010,990,1.168000,1.720000,2.442000,2.854000,4.459000,6.714000,23.964568,176.390000,1000.243000,1001.106500,1001.677500,1004.031750,1016.738100,1033.490140,1252.630994,1570.549000
cFCFS,500,20000,0.5,49757,50243,1.659000,24915.578000,51000.963000,83772.036000,112794.632200,124902.713320,127320.658052,127587.785000,1000.563000,25990.904500,52104.377000,85290.418000,113716.275400,125910.703580,128271.497562,128622.285000
cfs,0,5000,0.01,24762,238,1.246000,1.753000,2.479000,2.918000,5.473000,6.913780,10.272158,249.282000,1000.374000,1000.738250,1001.520500,1001.922250,1004.515600,1006.080640,14181.134862,18209.394000
cfs,0,5000,0.5,12437,12563,1.215000,1.730000,2.378000,2.684000,4.356000,10.575680,21.109928,169.902000,1000.189000,1000.776500,1001.415000,1001.747000,1004.313600,1011.162580,1327.199852,7226.540000
cfs,0,10000,0.01,49510,490,1.229000,1.735000,2.473000,2.923000,5.487000,6.918000,14.127925,675.321000,1000.336000,1000.826250,1001.543000,1002.079750,1004.846000,1006.761490,1046.522090,1073.510000
cfs,0,10000,0.5,25065,24935,1.181000,2.326000,2.580000,4.651000,103.255000,308.172600,755.762360,10610.799000,1000.176000,1001.339000,1001.584000,1003.953000,1102.838000,1368.366240,4470.026170,24896.622000
cfs,0,15000,0.01,74205,795,1.176000,1.747000,2.437000,2.866000,5.390000,6.890960,10.588980,709.211000,1000.255000,1000.806500,1001.492000,1001.951500,1004.621600,1212.693560,1771.027916,1888.767000
cfs,0,15000,0.5,37404,37596,1.404000,67073.254500,145736.566500,245211.198000,292961.853400,330260.735500,331943.601689,332561.080000,1000.398000,68231.696500,146715.982500,245684.262000,294251.206000,331097.789250,333502.387295,1683920.270000
cfs,0,20000,0.01,99006,994,1.145000,1.691000,2.369000,2.764000,4.981500,6.810950,11.340895,345.735000,1000.234000,1000.719250,1001.389000,1001.827250,1004.317700,1005.939710,1020.081365,1422.440000
cfs,0,20000,0.5,49942,50058,2.133000,541848.578750,1030270.501000,1520393.433750,1852986.953100,2048316.495290,2073533.194557,2075900.046000,1000.661000,541362.747000,1032503.825000,1530231.672000,1857862.125900,2053098.706730,2074944.050387,2086641.464000
