sched_type,preemption_interval_us,throughput,proportion_long_jobs,num_short,num_long,short_0_pct,short_25_pct,short_50_pct,short_75_pct,short_90_pct,short_99_pct,short_99.9_pct,short_100_pct,long_0_pct,long_25_pct,long_50_pct,long_75_pct,long_90_pct,long_99_pct,long_99.9_pct,long_100_pct
dFCFS,0,5000,0.01,24766,234,1.232000,1.832000,2.617000,3.118000,5.711000,7.256000,50.922415,2750.183000,1000.331000,1000.814250,1001.684000,1002.965750,1005.100500,1074.824610,1194.773521,1200.520000
dFCFS,0,5000,0.5,12584,12416,1.214000,1.741000,2.435000,2.809000,4.937100,6.719340,18.085874,641.880000,1000.177000,1000.772000,1001.450000,1001.832000,1004.167000,1015.560250,1454.117025,2615.851000
dFCFS,0,10000,0.01,49489,511,1.192000,1.810000,2.576000,3.062000,5.625200,6.956240,28.001752,3746.946000,1000.292000,1000.837500,1001.579000,1002.055500,1004.855000,1014.259100,1443.817380,1531.926000
dFCFS,0,10000,0.5,25008,24992,1.190000,2.200000,2.559000,2.989000,9.058600,984.556740,7999.994979,9146.143000,1000.220000,1001.194000,1001.568000,1002.007000,1008.602000,1622.770760,9001.051557,11918.643000
dFCFS,0,15000,0.01,74282,718,1.154000,1.743000,2.477000,2.931000,5.446000,6.782380,15.187585,659.158000,1000.275000,1000.757750,1001.493500,1001.945750,1004.591800,1019.556790,1239.197178,1346.436000
dFCFS,0,15000,0.5,37316,37684,1.198000,10.868750,275.628500,674.203250,1205.184500,2619.829450,3806.514750,4324.935000,1000.205000,1010.769250,1275.355000,1674.437750,2202.507900,3616.829420,4814.774429,21406.918000
dFCFS,0,20000,0.01,98993,1007,1.159000,1.742000,2.467000,2.891000,5.333800,6.812080,21.386456,626.558000,1000.237000,1000.760500,1001.518000,1001.931000,1004.434000,1008.519660,1348.578508,1459.378000
dFCFS,0,20000,0.5,49881,50119,1.429000,321356.711000,640056.336000,971947.163000,1153547.628000,1266088.484600,1279664.936960,1281356.641000,1000.612000,322376.013000,641422.376000,970388.900000,1154272.601000,1267621.127640,1280652.601384,1282179.580000
cFCFS,500,5000,0.01,24778,222,1.232000,1.871250,2.661000,3.112000,5.178000,7.535230,22.181304,461.676000,1000.372000,1000.851250,1001.807000,1003.282000,1012.516900,1028.462060,1053.213357,1056.171000
cFCFS,500,5000,0.5,12413,12587,1.195000,1.800000,2.446000,2.792000,3.985000,7.644240,105.068852,1886.465000,1000.257000,1001.136500,1001.647000,1004.373000,1024.979400,1251.184800,2300.845814,4353.233000
cFCFS,500,10000,0.01,49481,519,1.212000,1.817000,2.556000,2.979000,4.960000,7.116200,25.752560,623.164000,1000.315000,1001.181000,1001.724000,1004.035000,1016.894400,1033.018740,1448.264804,1492.099000
cFCFS,500,10000,0.5,24908,25092,1.206000,2.021000,2.525000,2.775000,4.600600,87.597130,957.276862,2027.405000,1000.227000,1001.268000,1001.694000,1010.305750,1115.778700,1389.367260,2136.796244,12179.642000
cFCFS,500,15000,0.01,74214,786,1.187000,1.754000,2.467000,2.867000,4.720000,6.892000,16.171007,1564.623000,1000.278000,1001.017250,1001.628000,1003.939500,1018.573000,1030.276750,1151.778640,1186.865000
cFCFS,500,15000,0.5,37470,37530,1.195000,2.458000,2.827000,59.436500,190.418900,499.825750,960.051304,1411.783000,1000.204000,1001.609000,1017.083500,1157.150250,1298.659400,1595.511540,1999.983498,11877.047000
cFCFS,500,20000,0.01,98988,1012,1.153000,1.842000,2.526000,2.939000,4.768000,7.343520,30.242510,684.089000,1000.263000,1001.013500,1001.685000,1003.385250,1015.389600,1079.056210,1838.962346,4611.674000
cFCFS,500,20000,0.5,50034,49966,1.780000,17774.714000,47208.916000,67787.988000,103365.242300,111847.730210,116547.023197,116989.375000,1001.335000,18927.125500,48333.224000,68986.689250,104338.794000,112960.170750,117545.011705,118109.552000
cfs,0,5000,0.01,24775,225,1.206000,1.840000,2.541000,3.042000,5.634000,7.462000,22.832256,880.694000,1000.387000,1001.092000,1001.569000,1002.058000,1004.832200,1006.021080,1247.343008,1311.868000
cfs,0,5000,0.5,12443,12557,1.215000,1.762000,2.425000,2.745000,4.169000,7.197580,16.533592,414.363000,1000.174000,1000.792000,1001.445000,1001.785000,1003.945400,1080.668640,2007.645492,3852.279000
cfs,0,10000,0.01,49497,503,1.231000,1.751000,2.485000,2.948000,5.527000,7.200080,14.883312,1561.512000,1000.277000,1000.737500,1001.509000,1002.100000,1004.543000,1009.449740,1232.452080,1396.335000
cfs,0,10000,0.5,24827,25173,1.200000,2.381000,2.615000,4.909500,102.839400,307.940340,630.887218,5772.105000,1000.207000,1001.404000,1001.644000,1004.759000,1104.643000,1933.378120,4401.242512,12218.796000
cfs,0,15000,0.01,74237,763,1.160000,1.722000,2.435000,2.874000,5.452400,7.141000,15.398244,729.769000,1000.309000,1000.693500,1001.456000,1001.886500,1004.664800,1009.663840,1461.102466,1483.282000
cfs,0,15000,0.5,37664,37336,1.629000,36159.258500,56577.344000,96675.082250,138572.221900,159356.894730,161515.241784,161908.849000,1000.343000,37021.123250,57969.895000,97871.399000,139886.540500,160702.675000,163903.350055,1421021.939000
cfs,0,20000,0.01,99014,986,1.144000,1.699250,2.391000,2.788000,5.122700,7.223000,18.063129,1319.560000,1000.246000,1000.753500,1001.434000,1001.787500,1004.196000,1007.081250,1268.060065,1414.895000
cfs,0,20000,0.5,49767,50233,2.448000,195105.130000,371724.329000,837831.065000,1165521.100200,1368946.531160,1389317.583754,1392524.255000,1001.502000,195980.001000,370375.822000,843736.408000,1171654.716800,1370896.764840,1391273.196960,1403422.864000
