sched_type,preemption_interval_us,throughput,proportion_long_jobs,num_short,num_long,short_0_pct,short_25_pct,short_50_pct,short_75_pct,short_90_pct,short_99_pct,short_99.9_pct,short_100_pct,long_0_pct,long_25_pct,long_50_pct,long_75_pct,long_90_pct,long_99_pct,long_99.9_pct,long_100_pct
dFCFS,0,5000,0.01,24751,249,1.261000,1.854500,2.586000,3.094000,5.821000,7.853000,36.269500,2737.787000,1000.290000,1000.856000,1001.613000,1002.310000,1005.172200,1007.406120,1763.612160,1877.681000
dFCFS,0,5000,0.5,12508,12492,1.201000,1.800000,2.472000,2.882000,5.543300,18965.106560,29144.310965,30943.952000,1000.269000,1000.779000,1001.482500,1001.898000,1004.557800,20976.554940,30940.867687,101294.527000
dFCFS,0,10000,0.01,49530,470,1.151000,1.796000,2.562000,3.038000,5.713000,6.979130,13.180543,360.264000,1000.321000,1000.811250,1001.621000,1002.081500,1004.721200,1006.301340,1035.091516,1056.401000
dFCFS,0,10000,0.5,24902,25098,1.197000,2.154000,2.535000,2.909000,8.656400,109.971970,1008.645297,2498.935000,1000.182000,1001.162250,1001.539000,1001.916750,1008.124300,1143.111530,2250.961288,3709.190000
dFCFS,0,15000,0.01,74263,737,1.148000,1.772000,2.480000,2.914000,5.541000,6.813380,13.971188,1309.235000,1000.290000,1000.742000,1001.520000,1001.928000,1004.656000,1008.155600,1279.029000,1360.173000
dFCFS,0,15000,0.5,37204,37796,1.199000,68.554000,345.435000,944.675500,2467.135900,13115.677700,15823.184329,16302.760000,1000.189000,1061.368250,1345.250000,1940.669500,3396.342000,13919.580450,16752.718965,76742.407000
dFCFS,0,20000,0.01,99019,981,1.163000,1.807000,2.490000,2.917000,5.481000,6.838820,13.451424,373.572000,1000.308000,1000.816000,1001.508000,1001.985000,1004.629000,1009.198400,1046.524300,1526.543000
dFCFS,0,20000,0.5,50184,49816,2.352000,356920.527750,708436.866000,1016246.721500,1201717.047400,1315395.312710,1325772.117727,1326566.667000,1000.679000,355364.814500,707227.373000,1016183.600250,1202868.441500,1315879.443900,1326572.058195,1327466.954000
cFCFS,500,5000,0.01,24753,247,1.230000,1.873000,2.607000,3.048000,5.181000,6.504000,13.354584,206.799000,1000.330000,1001.222500,1001.760000,1004.215500,1019.078000,1089.814780,1224.894808,1247.023000
cFCFS,500,5000,0.5,12410,12590,1.213000,1.750250,2.434000,2.774000,4.316600,11.549770,2264.147397,3551.001000,1000.237000,1001.096000,1001.644000,1004.585000,1026.382400,1238.358740,4027.036150,14059.601000
cFCFS,500,10000,0.01,49493,507,1.207000,1.807000,2.538000,2.947000,5.034800,6.527240,12.157808,401.305000,1000.338000,1001.133000,1001.671000,1003.813000,1011.773800,1027.852520,1034.410752,1037.046000
cFCFS,500,10000,0.5,25039,24961,1.209000,2.007000,2.422000,2.673000,3.883600,38.367740,352.867932,998.902000,1000.221000,1001.214000,1001.575000,1009.560000,1107.454000,1344.546200,1529.054720,3618.786000
cFCFS,500,15000,0.01,74241,759,1.185000,1.803000,2.510000,2.910000,4.922000,6.422000,12.334440,3951.125000,1000.311000,1000.920500,1001.655000,1003.857000,1018.579200,1032.909400,1729.518690,2496.194000
cFCFS,500,15000,0.5,37470,37530,1.158000,2.462000,2.839000,68.069500,203.731800,6705.672380,14333.649641,15084.904000,1000.167000,1001.618000,1016.572500,1162.755250,1313.272200,6608.910690,15353.125675,23742.365000
cFCFS,500,20000,0.01,98962,1038,1.152000,1.782000,2.483000,2.883000,4.676000,6.483390,12.883705,440.481000,1000.280000,1001.062000,1001.651500,1004.137250,1017.554500,1033.445600,1281.716573,1321.155000
cFCFS,500,20000,0.5,49818,50182,1.337000,35591.671500,54962.278500,86128.454250,101682.216500,112608.253690,113331.693497,113808.749000,1000.737000,36126.541000,55922.199500,87009.273250,102499.489700,113568.935660,114265.588151,114807.131000
cfs,0,5000,0.01,24752,248,1.192000,1.782000,2.489000,2.955000,5.560000,7.010000,23.151101,1144.088000,1000.341000,1000.731250,1001.469500,1002.006000,1004.568300,1005.578820,1229.943520,1303.510000
cfs,0,5000,0.5,12556,12444,1.206000,1.751750,2.398000,2.710000,3.466500,6.858800,33.297005,996.956000,1000.222000,1000.740000,1001.408000,1001.722250,1002.469400,1006.613360,1399.243543,3414.309000
cfs,0,10000,0.01,49493,507,1.248000,1.764000,2.498000,2.964000,5.583000,7.204160,16.764328,173.094000,1000.342000,1000.723500,1001.474000,1001.921000,1004.551200,1005.910060,1407.662778,1802.235000
cfs,0,10000,0.5,24791,25209,1.194000,2.350500,2.597000,5.170000,103.882000,325.739500,996.926330,6821.927000,1000.201000,1001.357000,1001.606000,1004.399000,1103.247000,1405.050200,3685.697264,13926.409000
cfs,0,15000,0.01,74272,728,1.164000,1.702000,2.406000,2.834000,5.411000,6.984000,14.911561,2192.009000,1000.316000,1000.726750,1001.428500,1001.941250,1004.594200,1006.075460,1044.237273,1059.505000
cfs,0,15000,0.5,37917,37083,1.313000,73881.510000,142404.625000,230453.254000,277609.733200,304979.699000,307595.821888,308227.641000,1000.470000,75203.812500,144842.544000,231779.322000,278844.762800,306221.406540,314974.986434,1191314.437000
cfs,0,20000,0.01,99054,946,1.132000,1.752000,2.404000,2.843000,5.472000,15.710820,66.951838,6979.687000,1000.257000,1000.746500,1001.464500,1001.949500,1005.430000,1318.852600,3653.719900,6799.984000
cfs,0,20000,0.5,50028,49972,1.524000,471802.264750,997931.167500,1580542.312750,2043215.407400,2346210.056940,2374390.521713,2379084.393000,1000.797000,485513.879500,1007288.576500,1594652.464750,2052112.422800,2347426.033440,2376620.533805,2408579.689000
