sched_type,preemption_interval_us,throughput,proportion_long_jobs,num_short,num_long,short_0_pct,short_25_pct,short_50_pct,short_75_pct,short_90_pct,short_99_pct,short_99.9_pct,short_100_pct,long_0_pct,long_25_pct,long_50_pct,long_75_pct,long_90_pct,long_99_pct,long_99.9_pct,long_100_pct
dFCFS,0,5000,0.01,24753,247,1.184000,1.807000,2.639000,3.164000,5.772000,7.472840,22.472152,430.345000,1000.412000,1000.825500,1001.600000,1002.145000,1004.883600,1006.690380,1014.692456,1017.242000
dFCFS,0,5000,0.5,12381,12619,1.209000,1.711000,2.467000,2.842000,4.935000,6.582400,14.335980,179.873000,1000.171000,1000.736000,1001.472000,1001.856000,1004.088000,1006.017820,1322.992724,111130.191000
dFCFS,0,10000,0.01,49492,508,1.165000,1.757000,2.494000,2.930000,5.530000,6.618090,10.658553,362.713000,1000.303000,1000.845500,1001.550500,1001.972250,1004.619500,1006.226700,2154.444540,3134.364000
dFCFS,0,10000,0.5,25050,24950,1.189000,2.125000,2.521000,2.846000,8.043500,2396.061890,12983.722853,13985.002000,1000.194000,1001.142000,1001.524000,1001.871000,1008.068100,2993.076940,13629.935087,24428.733000
dFCFS,0,15000,0.01,74241,759,1.161000,1.830000,2.524000,2.982000,5.589000,6.797600,12.977480,464.107000,1000.341000,1000.797000,1001.510000,1001.945500,1004.648600,1005.648100,1363.958408,1389.218000
dFCFS,0,15000,0.5,37638,37362,1.210000,8.108750,214.637000,610.580000,1241.199300,4716.514410,6753.444434,7373.312000,1000.232000,1006.524750,1218.055500,1612.161750,2271.483500,5634.759360,7689.911740,81305.093000
dFCFS,0,20000,0.01,98963,1037,1.147000,1.782000,2.487000,2.908000,5.483000,6.961380,36.215904,2932.351000,1000.238000,1000.853000,1001.498000,1001.922000,1004.500800,1007.655160,1283.123644,20334.803000
dFCFS,0,20000,0.5,50194,49806,1.401000,330353.587500,637210.851500,943386.395000,1147468.461500,1243006.344640,1254273.964545,1255389.333000,1000.501000,323988.815250,632899.140500,941172.425500,1141800.054500,1243926.043600,1255204.959545,1256416.397000
cFCFS,500,5000,0.01,24748,252,1.242000,1.795000,2.540500,2.952000,5.001000,6.647180,15.049490,717.693000,1000.385000,1001.271250,1001.752000,1004.266000,1019.176500,1028.999260,1040.449632,1043.303000
cFCFS,500,5000,0.5,12639,12361,1.258000,1.723000,2.421000,2.764000,3.833400,6.065300,18.950256,422.592000,1000.277000,1001.107000,1001.634000,1004.396000,1026.819000,1192.594600,1417.721800,8487.280000
cFCFS,500,10000,0.01,49468,532,1.187000,1.813000,2.552000,2.967000,5.025300,6.515000,12.262792,899.485000,1000.329000,1001.195500,1001.815000,1004.823750,1018.727300,1032.840710,1266.603899,1334.291000
cFCFS,500,10000,0.5,24885,25115,1.198000,1.966000,2.443000,2.701000,4.136600,93.082840,4321.444988,5482.710000,1000.204000,1001.195000,1001.606000,1009.671000,1115.028600,1394.783920,5023.561786,6518.576000
cFCFS,500,15000,0.01,74288,712,1.184000,1.765000,2.498000,2.904000,4.895000,6.287260,14.500398,148.743000,1000.309000,1001.100750,1001.681500,1004.529750,1018.731300,1030.851580,1095.992399,1225.388000
cFCFS,500,15000,0.5,37345,37655,1.170000,2.447000,2.796000,61.990000,188.116200,1484.290560,8740.911376,9778.138000,1000.198000,1001.593000,1015.951000,1157.415500,1299.061200,2437.960000,9565.705736,14131.581000
cFCFS,500,20000,0.01,99001,999,1.152000,1.808000,2.483000,2.892000,4.814000,7.123000,439.245000,509.464000,1000.265000,1001.148000,1001.668000,1003.921000,1016.416000,1033.641040,1434.758784,1463.593000
cFCFS,500,20000,0.5,49937,50063,1.305000,32623.462000,53587.762000,70739.829000,86666.899200,98042.575520,98749.654888,99052.159000,1000.389000,33334.967500,54491.487000,71814.967000,87653.584000,98979.211980,99677.379990,100079.934000
cfs,0,5000,0.01,24751,249,1.215000,1.694000,2.434000,2.865000,5.376000,6.823000,11.694500,442.915000,1000.274000,1000.705000,1001.427000,1001.857000,1003.899800,1006.638240,1012.437328,1013.315000
cfs,0,5000,0.5,12357,12643,1.247000,1.856000,2.458000,2.767000,4.878400,5014.998560,17866.758324,18601.673000,1000.226000,1000.854000,1001.468000,1001.794000,1004.195800,8961.108720,18870.026558,29866.680000
cfs,0,10000,0.01,49526,474,1.245000,1.764000,2.475000,2.929000,5.535000,7.188750,31.387425,470.060000,1000.340000,1000.783750,1001.539500,1001.980500,1004.838700,1006.616530,1028.202147,1031.069000
cfs,0,10000,0.5,25006,24994,1.167000,2.296250,2.576000,5.042250,103.660000,402.898800,1742.192345,10954.305000,1000.190000,1001.285000,1001.578000,1004.374000,1102.923100,1503.161660,4124.923742,33825.114000
cfs,0,15000,0.01,74239,761,1.194000,1.731000,2.425000,2.856000,5.438000,6.807620,12.955728,201.126000,1000.250000,1000.717000,1001.423000,1001.858000,1004.439000,1008.808400,1282.194080,1309.149000
cfs,0,15000,0.5,37739,37261,1.370000,54273.474000,135654.557000,220123.400000,273671.657000,303808.303880,306299.000644,306872.042000,1000.377000,54880.279000,136578.817000,221993.627000,274794.764000,304784.566000,307478.299400,4673133.450000
cfs,0,20000,0.01,99055,945,1.156000,1.675000,2.399000,2.821000,5.233000,6.812460,11.209460,343.161000,1000.244000,1000.697000,1001.418000,1001.833000,1004.301200,1007.080080,1335.380320,1666.342000
cfs,0,20000,0.5,49992,50008,1.666000,473411.610250,962845.331000,1465909.355500,1783453.410900,1979251.896720,1998266.432453,1999051.384000,1000.692000,479928.184000,961490.088000,1463697.258000,1784035.130600,1979643.725460,1998959.949911,2010444.223000
