sched_type,preemption_interval_us,throughput,proportion_long_jobs,num_short,num_long,short_0_pct,short_25_pct,short_50_pct,short_75_pct,short_90_pct,short_99_pct,short_99.9_pct,short_100_pct,long_0_pct,long_25_pct,long_50_pct,long_75_pct,long_90_pct,long_99_pct,long_99.9_pct,long_100_pct
dFCFS,0,5000,0.01,24754,246,1.212000,1.789000,2.568000,3.060000,5.682000,6.827290,15.334349,479.272000,1000.308000,1000.808500,1001.596500,1001.971500,1004.612000,1006.025450,1086.488455,1111.905000
dFCFS,0,5000,0.5,12570,12430,1.231000,1.772250,2.463000,2.830750,5.037100,6.755620,18.902291,391.231000,1000.219000,1000.844250,1001.490500,1001.864000,1004.189300,1010.316200,1328.457856,3962.013000
dFCFS,0,10000,0.01,49491,509,1.184000,1.807000,2.549000,3.023000,5.639000,6.723000,11.185530,313.498000,1000.319000,1000.812000,1001.577000,1002.035000,1004.751600,1006.011000,1154.045468,1170.748000
dFCFS,0,10000,0.5,25072,24928,1.174000,2.149000,2.513000,3.040250,10.766000,30760.918190,41399.594053,42882.275000,1000.199000,1001.159000,1001.521000,1002.069250,1012.026600,30806.728200,42163.741297,43587.473000
dFCFS,0,15000,0.01,74257,743,1.147000,1.767000,2.461000,2.902000,5.472000,6.621000,11.325760,356.923000,1000.290000,1000.840500,1001.486000,1001.936500,1004.634200,1027.824900,1722.287854,2765.364000
dFCFS,0,15000,0.5,37644,37356,1.215000,9.153250,235.871500,615.889500,1259.829900,19549.620170,21765.237747,22427.687000,1000.200000,1008.123500,1226.979500,1610.961750,2226.356000,20621.558250,22759.218755,24989.158000
dFCFS,0,20000,0.01,99019,981,1.150000,1.720000,2.451000,2.875000,5.377000,6.735820,17.148096,443.792000,1000.237000,1000.705000,1001.455000,1001.855000,1004.343000,1008.004400,1282.620540,1452.530000
dFCFS,0,20000,0.5,50148,49852,2.544000,290904.681250,609087.105000,935168.633750,1127286.981100,1234055.303450,1240612.402870,1243926.842000,1000.582000,298678.867750,615405.081000,935280.494750,1125954.948300,1234703.686530,1242657.012367,1244862.204000
cFCFS,500,5000,0.01,24763,237,1.278000,1.832000,2.579000,2.991000,5.050000,6.450140,10.786700,235.372000,1000.369000,1001.373000,1001.825000,1004.702000,1020.021400,1029.420720,1238.859748,1303.431000
cFCFS,500,5000,0.5,12569,12431,1.229000,1.742000,2.400000,2.730000,3.686200,5.979280,31.574160,278.424000,1000.250000,1001.112500,1001.614000,1004.501000,1025.594000,1196.401800,1421.850290,2625.848000
cFCFS,500,10000,0.01,49498,502,1.232000,1.814000,2.537000,2.945000,5.033300,6.326030,15.320159,962.704000,1000.332000,1001.320500,1001.766000,1004.055500,1016.933400,1032.819840,1231.274631,1283.814000
cFCFS,500,10000,0.5,25072,24928,1.199000,2.028000,2.425000,2.665000,3.952800,32.973530,335.084094,1043.549000,1000.223000,1001.238000,1001.584000,1009.937250,1115.597200,1353.952080,1579.880832,16362.966000
cFCFS,500,15000,0.01,74254,746,1.173000,1.783000,2.552000,2.976000,4.997000,6.982000,14.794241,397.376000,1000.308000,1001.006250,1001.768000,1004.396250,1018.730500,1034.096000,1417.965375,1617.942000
cFCFS,500,15000,0.5,37657,37343,1.157000,2.459000,2.780000,47.092000,161.821000,420.042720,880.306544,1778.057000,1000.156000,1001.580000,1011.707000,1145.111000,1282.449000,1493.405460,1982.568696,3263.935000
cFCFS,500,20000,0.01,99003,997,1.127000,1.758000,2.427000,2.824000,4.516800,6.358960,13.029952,1362.138000,1000.182000,1000.885000,1001.578000,1003.884000,1018.282600,1033.469240,1341.499424,1450.418000
cFCFS,500,20000,0.5,50071,49929,1.407000,29897.033500,39252.337000,60345.812500,73586.358000,85641.324100,88496.017880,89221.171000,1000.851000,30586.519000,40274.516000,61362.339000,74861.353400,86693.963120,89442.197832,90083.353000
cfs,0,5000,0.01,24736,264,1.224000,1.737000,2.459000,2.909000,5.479500,6.936000,11.030560,125.489000,1000.270000,1000.779250,1001.510500,1001.951500,1004.627700,1006.332920,1160.772831,1210.812000
cfs,0,5000,0.5,12556,12444,1.220000,1.726000,2.422000,2.726000,3.907500,6.754550,23.386590,986.922000,1000.204000,1000.750000,1001.422000,1001.732000,1003.247300,1006.585700,1581.321983,3006.733000
cfs,0,10000,0.01,49514,486,1.229000,1.747000,2.477500,2.931000,5.534700,6.810000,9.764317,401.314000,1000.245000,1000.764250,1001.515000,1001.971750,1004.594500,1006.321350,1171.480505,1179.370000
cfs,0,10000,0.5,25113,24887,1.200000,2.351000,2.587000,5.137000,103.989800,5551.823760,15446.928072,16469.887000,1000.201000,1001.354000,1001.585000,1004.066500,1103.305400,6941.135480,16811.475396,37966.797000
cfs,0,15000,0.01,74210,790,1.191000,1.686000,2.405000,2.851000,5.535000,331.241230,1760.745593,1793.574000,1000.275000,1000.669500,1001.409500,1001.873000,1004.669800,1286.201430,2475.729528,2653.608000
cfs,0,15000,0.5,37601,37399,1.444000,64815.785000,129934.357000,204710.977000,219713.675000,226058.880000,228650.551800,229102.731000,1000.577000,66640.719000,131032.907000,206279.297000,220837.281800,227584.544760,240112.409170,281461.304000
cfs,0,20000,0.01,98984,1016,1.162000,1.707000,2.368000,2.769000,5.139700,6.903000,16.947080,865.879000,1000.232000,1000.762500,1001.380000,1001.783500,1004.154500,1006.357300,1312.777915,1672.052000
cfs,0,20000,0.5,50250,49750,1.565000,344054.132250,642018.179000,953447.178250,1159308.561200,1279415.070030,1291812.214629,1293369.710000,1000.717000,344370.958250,645902.563000,958405.695250,1161199.759200,1281092.678650,1293075.864956,1305871.340000
