trial,sched_type,throughput,proportion_long_jobs,num_short,num_long,short_0_pct,short_25_pct,short_50_pct,short_75_pct,short_90_pct,short_99_pct,short_99.9_pct,short_100_pct,long_0_pct,long_25_pct,long_50_pct,long_75_pct,long_90_pct,long_99_pct,long_99.9_pct,long_100_pct
0,dFCFS,10000,0.01,49487,513,1.197000,1.842000,2.561000,3.060000,5.715400,11.543980,39.296936,2484.943000,1000.337000,1000.977000,1001.606000,1002.194000,1005.016200,1035.947560,1409.220152,1467.731000
1,dFCFS,10000,0.01,49487,513,1.174000,1.807500,2.546000,3.029000,5.648000,6.970700,30.010654,1613.918000,1000.327000,1000.800000,1001.581000,1002.116000,1004.760200,1009.641240,1251.871656,1307.609000
2,dFCFS,10000,0.01,49487,513,1.210000,1.846000,2.605000,3.094000,5.742000,7.133560,64.236266,2857.487000,1000.330000,1000.834000,1001.655000,1002.284000,1004.932400,1129.550520,1428.474304,1434.712000
3,dFCFS,10000,0.01,49487,513,1.195000,1.855000,2.602000,3.130000,5.795000,15.646240,229.472308,811.125000,1000.231000,1001.034000,1001.648000,1002.456000,1005.126200,1102.553440,2468.129872,3063.122000
4,dFCFS,10000,0.01,49487,513,1.195000,1.845000,2.574000,3.044000,5.644000,6.925140,31.781686,1997.118000,1000.350000,1000.794000,1001.599000,1002.081000,1004.737200,1016.563000,1266.266560,1289.880000
0,dFCFS,10000,0.5,25002,24998,1.196000,2.239250,2.596000,3.864750,103.578500,49889.322510,60323.268661,61895.527000,1000.217000,1001.240000,1001.609000,1003.286250,1102.734200,49638.187920,60922.200436,62394.382000
1,dFCFS,10000,0.5,25002,24998,1.184000,2.131000,2.541000,2.936000,9.043900,306.878370,1465.524659,2989.730000,1000.192000,1001.146000,1001.555000,1001.964750,1008.707500,1402.364360,2977.412955,22811.047000
2,dFCFS,10000,0.5,25002,24998,1.178000,2.127250,2.477000,2.862000,8.042000,202.787970,1692.845739,3132.906000,1000.202000,1001.136250,1001.490000,1001.896000,1008.108300,1205.879030,2834.533846,47267.879000
3,dFCFS,10000,0.5,25002,24998,1.191000,2.188000,2.537000,2.901000,7.471800,141.923860,601.680807,1976.809000,1000.191000,1001.218000,1001.551000,1001.934000,1008.003600,1202.014270,1691.824980,7494.700000
4,dFCFS,10000,0.5,25002,24998,1.191000,2.218000,2.545000,3.022000,9.345000,1010.514710,8747.677047,9531.013000,1000.206000,1001.236000,1001.551000,1002.042000,1008.867300,1877.037750,8975.478658,16849.257000
0,cFCFS,10000,0.01,49487,513,1.174000,1.881000,2.610000,3.039000,5.145000,8.155380,24.428514,597.465000,1000.344000,1000.823000,1001.566000,1001.980000,1003.699200,1005.408600,1021.376240,1023.414000
1,cFCFS,10000,0.01,49487,513,1.223000,1.735000,2.570000,2.995500,4.981000,6.593980,15.156784,511.978000,1000.323000,1000.724000,1001.550000,1001.978000,1004.131200,1012.264520,1280.479808,1289.320000
2,cFCFS,10000,0.01,49487,513,1.201000,1.793000,2.571000,2.985000,5.026000,6.431560,20.505754,880.475000,1000.287000,1000.814000,1001.580000,1002.021000,1004.126000,1053.708640,1356.529608,1496.365000
3,cFCFS,10000,0.01,49487,513,1.247000,1.861000,2.558000,2.972000,5.050000,6.518980,18.162452,603.502000,1000.333000,1000.901000,1001.606000,1002.100000,1004.176400,1009.291840,1424.253816,1561.243000
4,cFCFS,10000,0.01,49487,513,1.200000,1.825000,2.586000,3.012000,5.062400,6.421420,13.023428,557.990000,1000.326000,1000.791000,1001.625000,1002.181000,1004.264600,1028.383800,1379.786696,1477.869000
0,cFCFS,10000,0.5,25002,24998,1.226000,2.403000,2.662000,7.802000,119.062200,2671.961870,4964.663570,5514.391000,1000.213000,1001.413000,1001.675000,1007.869750,1127.254900,3631.547110,5805.530504,6513.129000
1,cFCFS,10000,0.5,25002,24998,1.201000,2.370000,2.606000,5.226500,103.291500,306.106530,506.734543,637.847000,1000.223000,1001.383000,1001.624000,1004.554000,1102.709200,1307.413870,1514.790728,3015.110000
2,cFCFS,10000,0.5,25002,24998,1.203000,2.313000,2.566000,5.524750,103.903500,317.991790,624.398479,1555.197000,1000.207000,1001.312000,1001.583000,1004.837750,1103.297300,1321.797820,1691.260060,4471.615000
3,cFCFS,10000,0.5,25002,24998,1.184000,2.369000,2.633500,6.122000,105.095400,631.259050,1628.321154,2139.194000,1000.211000,1001.394000,1001.650000,1005.337750,1104.720600,1621.031200,2639.499948,50048.548000
4,cFCFS,10000,0.5,25002,24998,1.185000,2.347000,2.598000,5.470750,103.688800,308.311930,815.237666,1881.799000,1000.197000,1001.364000,1001.615000,1004.864000,1103.092600,1321.097950,1987.777998,2993.735000
0,cfs,10000,0.01,49487,513,1.186000,1.773000,2.469000,2.936000,5.551400,12.156840,34.810938,4193.096000,1000.288000,1000.867000,1001.522000,1002.029000,1004.686000,1016.026880,1428.991504,1455.210000
1,cfs,10000,0.01,49487,513,1.195000,1.750000,2.512000,2.976000,5.580000,12.565260,59.099092,7065.090000,1000.313000,1000.744000,1001.533000,1002.029000,1004.736000,1067.590960,1507.504904,1808.309000
2,cfs,10000,0.01,49487,513,1.222000,1.724000,2.458000,2.910000,5.522000,7.207420,14.944980,576.170000,1000.295000,1000.940000,1001.567000,1002.171000,1004.600800,1014.132240,1816.166200,2385.779000
3,cfs,10000,0.01,49487,513,1.206000,1.768000,2.490000,2.929000,5.476000,6.853000,10.825980,372.236000,1000.339000,1000.782000,1001.539000,1001.986000,1004.643000,1006.765120,1745.136696,2092.307000
4,cfs,10000,0.01,49487,513,1.200000,1.746000,2.460000,2.906000,5.447000,6.844280,11.653514,832.282000,1000.325000,1000.734000,1001.494000,1001.993000,1004.357800,1163.953840,1549.383144,1588.545000
0,cfs,10000,0.5,25002,24998,1.173000,2.320000,2.577000,5.468750,105.298000,11186.922460,20386.438950,21747.106000,1000.201000,1001.340000,1001.592000,1004.713000,1106.418000,13098.303250,22095.545973,40097.689000
1,cfs,10000,0.5,25002,24998,1.194000,2.363000,2.619000,5.521000,104.048000,404.021400,905.893697,3490.591000,1000.194000,1001.379000,1001.640000,1004.798000,1104.128300,1507.452810,5233.833464,15999.847000
2,cfs,10000,0.5,25002,24998,1.189000,2.366000,2.605000,4.939000,103.572400,309.707110,627.000477,5116.637000,1000.153000,1001.377000,1001.614000,1004.330000,1103.129600,1402.003690,4401.637215,10619.967000
3,cfs,10000,0.5,25002,24998,1.180000,2.371000,2.597000,5.510500,104.765700,452.556300,2269.888983,7730.380000,1000.192000,1001.386000,1001.627000,1005.240000,1105.099000,1707.238720,4751.086370,20506.882000
4,cfs,10000,0.5,25002,24998,1.179000,2.331000,2.562000,4.963750,104.068900,345.023270,804.820800,8783.293000,1000.176000,1001.336000,1001.576000,1004.315250,1103.305500,1406.318440,4293.863615,10215.104000
