sched_type,preemption_interval_us,throughput,proportion_long_jobs,num_short,num_long,short_0_pct,short_25_pct,short_50_pct,short_75_pct,short_90_pct,short_99_pct,short_99.9_pct,short_100_pct,long_0_pct,long_25_pct,long_50_pct,long_75_pct,long_90_pct,long_99_pct,long_99.9_pct,long_100_pct
dFCFS,0,5000,0.01,24761,239,1.249000,1.864000,2.642000,3.175000,5.849000,7.177400,17.588720,421.247000,1000.388000,1000.869000,1001.678000,1002.537500,1005.188200,1017.558360,1664.711126,1862.566000
dFCFS,0,5000,0.5,12502,12498,1.176000,1.846000,2.486000,2.854000,5.249900,8.019970,32.475499,998.405000,1000.201000,1000.848250,1001.509000,1001.918000,1004.412300,1018.446740,1537.515540,20021.672000
dFCFS,0,10000,0.01,49499,501,1.172000,1.746000,2.471000,2.911000,5.599000,6.909020,18.742076,329.845000,1000.309000,1000.809000,1001.497000,1001.959000,1004.806000,1010.533000,1373.958500,1655.531000
dFCFS,0,10000,0.5,25007,24993,1.176000,2.113500,2.480000,2.926000,9.507200,14650.399500,24823.359226,26116.074000,1000.183000,1001.140000,1001.492000,1001.981000,1009.289800,15929.480240,25724.831560,27291.932000
dFCFS,0,15000,0.01,74264,736,1.175000,1.793000,2.500000,2.935000,5.555000,6.858740,14.747115,885.785000,1000.321000,1000.887750,1001.519500,1001.958250,1004.569000,1018.885650,1281.492225,1328.874000
dFCFS,0,15000,0.5,37621,37379,1.232000,10.008000,273.894000,754.111000,1684.422000,9165.719200,11735.248400,12372.421000,1000.197000,1009.119000,1274.712000,1751.707500,2672.574000,10127.730160,12647.773864,84255.264000
dFCFS,0,20000,0.01,98993,1007,1.127000,1.746000,2.447000,2.864000,5.393000,7.046160,28.978616,607.895000,1000.196000,1000.755000,1001.497000,1001.911500,1004.590200,1013.173220,1295.361686,1699.748000
dFCFS,0,20000,0.5,50000,50000,1.777000,302831.328500,615787.631500,948381.871750,1136354.494200,1253120.918900,1266061.600424,1267897.112000,1000.477000,306949.778500,621677.154000,949472.145500,1137818.530800,1254286.194710,1267085.358265,1268761.862000
dFCFS,0,25000,0.01,123772,1228,1.153000,1.732000,2.431000,2.843000,5.286000,7.195870,27.278717,481.998000,1000.197000,1000.765750,1001.485000,1001.943000,1004.722400,1013.221030,1481.324212,1517.462000
dFCFS,0,25000,0.5,62429,62571,1.405000,733802.768000,1445377.089000,2127705.915000,2574624.298800,2834218.401200,2858547.563616,2860139.392000,1000.626000,723338.007000,1439650.380000,2139326.505000,2575241.088000,2833942.178600,2858481.425080,2861061.380000
dFCFS,0,30000,0.01,148468,1532,1.148000,1.786000,2.451000,2.874000,5.240000,6.996000,18.731244,553.943000,1000.242000,1000.787250,1001.466000,1001.941500,1004.523200,1027.703100,1533.291232,6265.878000
dFCFS,0,30000,0.5,74664,75336,1.928000,1125323.861500,2245071.883500,3365390.078500,4028915.915000,4439662.287590,4478389.961509,4483869.912000,1000.657000,1123783.958250,2236974.272000,3371077.996000,4037227.753000,4440197.575250,4479646.109095,4484835.886000
dFCFS,0,35000,0.01,173318,1682,1.148000,1.776000,2.472000,2.928000,5.265000,8.037000,23.057952,630.730000,1000.214000,1000.781000,1001.488500,1001.979000,1004.572700,1029.328450,1912.580823,3357.976000
dFCFS,0,35000,0.5,87597,87403,1.569000,1507308.060000,2986942.834000,4484487.081000,5389908.419600,5921211.394400,5980125.549152,5986712.490000,1000.368000,1503945.566000,3000883.410000,4494114.534500,5391918.548000,5926509.380960,5981504.759378,5987712.477000
dFCFS,0,40000,0.01,198048,1952,1.131000,1.804000,2.486000,2.944000,5.241000,7.702060,27.603780,4776.782000,1000.173000,1000.810500,1001.509000,1001.993000,1004.534100,1016.202420,1382.722338,1498.092000
dFCFS,0,40000,0.5,99984,100016,1.551000,1885912.921000,3769462.595000,5689912.081250,6827541.809200,7505530.510190,7576961.628679,7583967.925000,1000.379000,1885004.481500,3778134.770500,5676134.397500,6830643.199000,7508985.412550,7577614.699420,7584973.227000
dFCFS,0,45000,0.01,222787,2213,1.123000,1.855000,2.535000,3.040000,5.341000,8.221140,27.712614,891.751000,1000.210000,1000.933000,1001.547000,1002.089000,1004.546600,1010.825480,1263.670208,3403.422000
dFCFS,0,45000,0.5,112098,112902,1.992000,2323852.322750,4584665.176000,6908323.364500,8250277.601100,9050308.473920,9144450.061138,9153342.110000,1001.054000,2296176.374250,4578100.369000,6874805.352750,8239879.375000,9059834.007510,9145270.178559,9154277.796000
dFCFS,0,50000,0.01,247532,2468,1.136000,1.875000,2.512000,3.014000,5.097000,8.559380,30.290671,790.685000,1000.193000,1000.938500,1001.565000,1002.101000,1004.410200,1011.594330,1375.422800,1642.405000
dFCFS,0,50000,0.5,125084,124916,1.602000,2663739.697500,5309624.433000,7990962.930500,9634796.815900,10578538.385530,10659451.095688,10674130.165000,1000.697000,2664914.034750,5329313.627000,8003439.378000,9612443.568500,10570431.249950,10663801.998055,10675050.782000
cFCFS,500,5000,0.01,24759,241,1.226000,1.917000,2.654000,3.103000,5.229200,7.264260,25.142812,396.288000,1000.410000,1001.376000,1001.877000,1004.720000,1021.568000,1041.051800,1180.701200,1200.896000
cFCFS,500,5000,0.5,12539,12461,1.164000,1.744500,2.407000,2.748000,4.041600,14.475660,4244.162632,5262.996000,1000.204000,1001.088000,1001.614000,1004.584000,1026.749000,1353.715000,5276.843500,19232.909000
cFCFS,500,10000,0.01,49515,485,1.191000,1.793500,2.520000,2.916000,4.894000,6.495860,16.854590,446.465000,1000.315000,1001.048000,1001.662000,1003.881000,1015.155400,1033.199400,1257.514692,1425.650000
cFCFS,500,10000,0.5,25059,24941,1.235000,2.012000,2.481000,2.748000,4.621000,122.129660,5086.817740,6512.070000,1000.225000,1001.269000,1001.662000,1009.800000,1118.403000,1449.801200,6502.942800,14856.074000
cFCFS,500,15000,0.01,74219,781,1.167000,1.888000,2.566000,2.988000,5.121000,7.524040,23.074288,567.814000,1000.340000,1001.206000,1001.765000,1003.841000,1015.223000,1034.647000,1195.789000,1575.688000
cFCFS,500,15000,0.5,37690,37310,1.160000,2.475000,2.828000,52.811250,178.241900,605.082080,2228.727311,3978.041000,1000.205000,1001.616000,1014.198000,1154.276500,1297.437100,1730.871450,3086.609190,5230.127000
cFCFS,500,20000,0.01,99029,971,1.146000,1.828000,2.496000,2.905000,4.798000,7.543880,18.345200,726.092000,1000.281000,1001.099000,1001.616000,1002.653500,1014.287000,1032.375300,1534.494790,1548.844000
cFCFS,500,20000,0.5,49932,50068,1.393000,36267.808250,70386.229000,99261.348750,131466.763700,141059.680950,142056.836404,142553.249000,1000.647000,37283.516500,73109.512000,101324.370500,132329.665000,141997.028220,143041.853129,143551.066000
cFCFS,500,25000,0.01,123742,1258,1.164000,1.800000,2.475000,2.864000,4.567000,7.553590,23.643454,1652.242000,1000.229000,1000.977250,1001.618500,1002.623000,1013.473800,1071.393160,1421.656773,2247.216000
cFCFS,500,25000,0.5,62790,62210,2.521000,336445.871750,679156.138000,1022924.767500,1241064.254500,1365670.698910,1377772.898432,1378889.292000,1001.420000,337625.368000,679941.866000,1021937.979250,1239893.128900,1366477.294860,1378632.037479,1379817.801000
cFCFS,500,30000,0.01,148517,1483,1.130000,1.779000,2.461000,2.864000,4.575000,7.867040,52.056348,787.822000,1000.251000,1001.011500,1001.583000,1002.492500,1012.262800,1042.975420,1492.236612,1770.897000
cFCFS,500,30000,0.5,75107,74893,1.385000,648351.750500,1326228.464000,2007897.849500,2408126.633000,2656800.687720,2677445.127142,2679440.273000,1000.584000,657661.368000,1325783.595000,2010826.404000,2412063.845600,2655944.026640,2678303.536200,2681105.137000
cFCFS,500,35000,0.01,173235,1765,1.156000,1.823000,2.486000,2.930000,4.695000,10.157660,48.019854,1218.978000,1000.214000,1000.985000,1001.644000,1003.286000,1015.171600,1142.254760,1717.043224,2806.151000
cFCFS,500,35000,0.5,87450,87550,1.603000,993698.963750,1992996.456500,2980471.633500,3595251.615500,3949050.260730,3985234.784075,3990570.962000,1000.685000,991409.964000,1982929.302000,2980546.599000,3590965.995500,3951673.528230,3987410.243075,3991881.645000
cFCFS,500,40000,0.01,198014,1986,1.145000,1.847000,2.498000,2.944000,4.663000,8.966000,50.385713,579.619000,1000.226000,1001.105000,1001.651000,1003.573250,1015.688000,1046.059850,1402.840605,1508.449000
cFCFS,500,40000,0.5,100026,99974,2.434000,1315971.042000,2604494.288000,3921492.848250,4718282.974500,5181124.477250,5234285.370275,5238213.340000,1001.274000,1306317.871500,2607785.128000,3925242.389750,4717563.232500,5185895.182940,5234120.242464,5239468.732000
cFCFS,500,45000,0.01,222697,2303,1.130000,1.822000,2.484000,2.924000,4.398000,7.973040,21.461680,648.814000,1000.217000,1000.984000,1001.646000,1003.184500,1015.596600,1057.507420,1447.446544,1922.270000
cFCFS,500,45000,0.5,112607,112393,2.638000,1611518.867000,3273093.232000,4943065.677000,5925249.754000,6520933.012260,6581688.837666,6589253.044000,1001.808000,1623513.231000,3272077.430000,4938249.974000,5926977.595000,6524201.962560,6583330.197760,6590179.504000
cFCFS,500,50000,0.01,247424,2576,1.113000,1.868000,2.524000,3.021000,4.635000,9.117000,59.084829,2963.211000,1000.194000,1001.104000,1001.706000,1003.421500,1015.141500,1064.296000,1580.537125,1848.507000
cFCFS,500,50000,0.5,124807,125193,1.714000,1970981.200500,3917615.449000,5911844.513000,7094056.810000,7802375.597540,7877579.112792,7886098.922000,1000.621000,1963236.592000,3911996.566000,5903765.020000,7096340.486600,7805514.082520,7878893.800368,7887033.405000
cfs,0,5000,0.01,24756,244,1.237000,1.827000,2.593000,3.105250,5.788500,7.580900,25.624810,567.130000,1000.372000,1000.901250,1001.612500,1002.271750,1005.101800,1026.678430,1284.916506,1328.136000
cfs,0,5000,0.5,12545,12455,1.193000,1.795000,2.431000,2.740000,3.907600,7.327280,22.243056,201.393000,1000.232000,1000.837500,1001.453000,1001.773000,1003.814400,1064.452860,2015.269108,12144.078000
cfs,0,10000,0.01,49503,497,1.178000,1.835000,2.520000,2.970000,5.603000,7.302980,19.936952,649.411000,1000.335000,1000.824000,1001.554000,1001.995000,1004.879000,1055.317400,1841.368712,2269.009000
cfs,0,10000,0.5,24961,25039,1.185000,2.352000,2.624000,5.147000,103.153000,322.296200,987.071760,8768.515000,1000.203000,1001.378000,1001.654000,1005.121500,1105.492200,1984.251160,4494.152374,12040.094000
cfs,0,15000,0.01,74212,788,1.225000,1.805000,2.525000,2.994000,5.622000,7.316890,21.080789,1383.411000,1000.283000,1000.916750,1001.588000,1002.148000,1004.838900,1120.801660,1723.548239,1833.888000
cfs,0,15000,0.5,37690,37310,1.305000,11736.754750,25606.651500,48883.855250,75005.337800,91260.618200,92870.819761,93379.630000,1000.259000,13025.169750,27049.058000,50538.685000,76223.073400,92405.342680,102177.822051,134154.033000
cfs,0,20000,0.01,99076,924,1.168000,1.738000,2.425000,2.860000,5.425000,7.802500,49.397575,3104.835000,1000.262000,1000.785000,1001.481500,1001.921000,1004.454800,1020.004270,1392.585485,3705.905000
cfs,0,20000,0.5,49687,50313,1.591000,466870.574000,766598.801000,1073824.460000,1284071.351600,1405716.527360,1421021.674928,1423371.858000,1000.982000,466779.393000,767133.085000,1076309.958000,1285218.275000,1408361.180720,1422622.503704,1436101.963000
cfs,0,25000,0.01,123722,1278,1.132000,1.704000,2.362000,2.758000,5.028900,7.224790,19.177223,768.422000,1000.231000,1000.767250,1001.408000,1001.819500,1004.410300,1015.237130,1373.397830,1917.325000
cfs,0,25000,0.5,62520,62480,1.593000,882728.080000,1859314.266500,2789352.228500,3367406.259800,3729959.238490,3767174.440000,3769703.080000,1000.703000,890484.807000,1863681.011000,2788828.042000,3373561.084400,3731404.814440,3767452.126716,5802196.242000
cfs,0,30000,0.01,148507,1493,1.173000,1.681000,2.350000,2.758000,5.008000,7.207000,18.437194,744.320000,1000.229000,1000.719000,1001.382000,1001.800000,1004.330600,1033.004560,1837.064884,4688.811000
cfs,0,30000,0.5,74969,75031,2.580000,1342534.932000,2678566.894000,4033996.976000,4661107.925000,4988472.454280,5021842.822064,5024151.281000,1000.783000,1342026.074000,2677488.514000,4038024.496500,4664787.452000,4989541.915900,5022345.671030,5033906.726000
cfs,0,35000,0.01,173228,1772,1.145000,1.786000,2.433000,2.891000,5.380000,1319.699810,3883.510835,3927.046000,1000.236000,1000.834000,1001.446000,1001.982250,1004.794500,2128.613270,4774.013199,6928.237000
cfs,0,35000,0.5,87568,87432,1.461000,1750136.100750,3593579.909000,5517731.550500,6633236.070500,7303110.772340,7364844.853109,7375338.529000,1000.793000,1767624.656000,3611385.124500,5502326.994750,6627369.279500,7302228.208860,7368522.921021,7379575.312000
cfs,0,40000,0.01,198099,1901,1.141000,1.731000,2.390000,2.819000,4.856000,7.746000,27.697942,957.624000,1000.210000,1000.718000,1001.414000,1001.829000,1004.281000,1020.653000,1417.048700,3079.195000
cfs,0,40000,0.5,100105,99895,1.718000,2060783.876000,4247751.122000,6559954.745000,7967079.128600,8812041.703120,8888524.707336,8897429.443000,1001.299000,2086569.382000,4254242.569000,6573924.662500,7969024.124600,8807741.194080,8890024.719804,11871905.225000
cfs,0,45000,0.01,222739,2261,1.139000,1.776000,2.431000,2.874000,4.994000,7.772620,18.885358,724.580000,1000.206000,1000.804000,1001.460000,1001.943000,1004.300000,1015.625600,1342.445100,1554.795000
cfs,0,45000,0.5,113141,111859,2.153000,2738411.686000,5382712.343000,7980518.090000,9463797.419000,10464027.360600,10552031.596180,10566624.426000,1001.022000,2715894.085000,5366842.073000,7968376.660000,9463442.435000,10459227.911700,10556587.329416,10571671.782000
cfs,0,50000,0.01,247514,2486,1.129000,1.768000,2.442000,2.909000,4.905000,7.978870,22.744480,1410.400000,1000.206000,1000.794000,1001.472500,1002.000750,1004.392500,1016.349500,1986.120760,2890.368000
cfs,0,50000,0.5,124833,125167,2.215000,3061668.307000,5884666.863000,8561605.642000,10203861.504000,11196562.545600,11291423.275832,11300472.511000,1001.097000,3062300.698000,5851571.016000,8567242.738000,10211327.481000,11193649.424480,11291324.641638,11307409.277000
