sched_type,preemption_interval_us,throughput,proportion_long_jobs,num_short,num_long,short_0_pct,short_25_pct,short_50_pct,short_75_pct,short_90_pct,short_99_pct,short_99.9_pct,short_100_pct,long_0_pct,long_25_pct,long_50_pct,long_75_pct,long_90_pct,long_99_pct,long_99.9_pct,long_100_pct
dFCFS,0,5000,0.01,24751,249,1.276000,1.780000,2.595000,3.095500,5.735000,7.286000,23.141500,433.499000,1000.281000,1000.754000,1001.572000,1002.011000,1004.836800,1029.196840,1370.577360,1477.882000
dFCFS,0,5000,0.5,12558,12442,1.223000,1.755000,2.434000,2.839000,5.314000,14.567630,4180.183041,5002.542000,1000.208000,1000.748000,1001.438000,1001.822000,1004.370900,1128.195230,5136.336630,12985.779000
dFCFS,0,10000,0.01,49476,524,1.186000,1.762000,2.531000,3.015000,5.778500,12.030500,167.809500,838.909000,1000.311000,1000.716000,1001.548000,1002.064000,1004.919400,1019.544470,1328.500323,1458.936000
dFCFS,0,10000,0.5,25006,24994,1.190000,2.185000,2.530000,2.910000,8.668500,205.087850,3995.177780,4991.579000,1000.211000,1001.206000,1001.543000,1001.975750,1008.431000,1262.221050,4735.037622,10545.872000
dFCFS,0,15000,0.01,74235,765,1.163000,1.757500,2.479000,2.917000,5.526600,6.808320,18.713238,742.166000,1000.289000,1000.828000,1001.518000,1001.995000,1004.698800,1006.388920,1030.312056,1030.500000
dFCFS,0,15000,0.5,37456,37544,1.212000,9.698500,228.058000,609.353750,1117.288000,2028.552350,2885.057150,3360.642000,1000.213000,1008.393000,1224.778000,1609.667750,2129.464000,3041.314430,3892.305389,15727.364000
dFCFS,0,20000,0.01,99014,986,1.160000,1.779000,2.483000,2.908000,5.497000,6.994740,28.721363,693.293000,1000.295000,1000.878000,1001.522500,1001.987750,1004.761500,1026.917550,1940.292980,4905.076000
dFCFS,0,20000,0.5,49963,50037,1.879000,327870.811500,638482.648000,940679.254000,1133121.236800,1262912.255080,1277838.132798,1278682.144000,1000.492000,325711.401000,638726.037000,945597.175000,1137558.152000,1265410.495920,1278536.451476,1279585.826000
cFCFS,500,5000,0.01,24717,283,1.226000,1.866000,2.624000,3.080000,5.226400,7.610720,28.443668,702.104000,1000.407000,1001.081000,1001.721000,1004.332500,1018.967000,1199.235100,1647.757866,1729.365000
cFCFS,500,5000,0.5,12558,12442,1.235000,1.769000,2.433000,2.770000,3.983300,7.119000,181.249094,1034.226000,1000.241000,1001.132250,1001.629000,1004.491000,1024.684600,1218.392360,1580.269711,3127.116000
cFCFS,500,10000,0.01,49552,448,1.205000,1.775000,2.509000,2.916000,5.011000,7.205430,301.501326,3694.441000,1000.359000,1001.214500,1001.743000,1004.565000,1017.751000,1033.086800,1484.042382,1844.277000
cFCFS,500,10000,0.5,24905,25095,1.209000,2.032000,2.443000,2.691000,4.382800,64.955520,647.886544,1140.333000,1000.221000,1001.257000,1001.619000,1010.173000,1115.969400,1386.964780,1823.233882,5621.777000
cFCFS,500,15000,0.01,74284,716,1.185000,1.725000,2.469000,2.876000,4.836700,7.213000,18.825438,506.362000,1000.261000,1000.998750,1001.643500,1004.164750,1017.902500,1033.544300,1600.528065,1650.656000
cFCFS,500,15000,0.5,37514,37486,1.186000,2.437000,2.820000,63.772500,194.713000,2348.203650,10466.173268,11298.701000,1000.196000,1001.588250,1015.181000,1155.267250,1304.710500,3265.173300,11423.878860,16618.269000
cFCFS,500,20000,0.01,99025,975,1.155000,1.815000,2.498000,2.909000,4.811000,7.318000,29.266176,513.141000,1000.267000,1001.136000,1001.700000,1003.860500,1017.931600,1139.183760,1509.712906,1632.808000
cFCFS,500,20000,0.5,49779,50221,1.446000,31567.851000,65400.141000,103059.138000,122899.931000,133744.241940,135079.565306,136434.412000,1000.519000,32652.682000,66400.802000,103993.301000,123871.500000,134732.047600,136671.237920,137460.626000
cfs,0,5000,0.01,24736,264,1.214000,1.817000,2.538000,3.008000,5.616000,7.227950,18.438905,484.063000,1000.360000,1000.874000,1001.661500,1002.151500,1004.868400,1021.509980,1263.360133,1344.235000
cfs,0,5000,0.5,12548,12452,1.216000,1.699000,2.372000,2.697000,3.378200,7.250240,997.533698,2825.647000,1000.239000,1000.765000,1001.406000,1001.736000,1003.531900,1220.621820,2758.967323,3627.963000
cfs,0,10000,0.01,49468,532,1.219000,1.739750,2.524000,3.020000,5.675000,7.361000,14.608483,5375.015000,1000.322000,1000.775500,1001.569000,1002.076000,1004.719100,1006.825070,1016.427723,1017.897000
cfs,0,10000,0.5,24963,25037,1.139000,2.313000,2.578000,4.894500,103.037400,403.554780,2168.528026,4971.525000,1000.191000,1001.337000,1001.601000,1004.834000,1106.375200,2055.402400,4249.348212,13264.917000
cfs,0,15000,0.01,74209,791,1.176000,1.754000,2.450000,2.915000,5.544000,8.287480,26.211088,703.770000,1000.301000,1000.812500,1001.518000,1002.124000,1005.027000,1055.216100,1421.637880,1451.127000
cfs,0,15000,0.5,37703,37297,1.284000,48293.114500,70795.021000,84407.817000,122678.706200,141211.117580,142532.168618,143591.902000,1000.259000,47578.304000,71608.002000,86430.882000,125915.015400,142273.920440,153687.130848,173896.818000
cfs,0,20000,0.01,99016,984,1.147000,1.708000,2.395000,2.821000,5.309000,8.110100,18.692055,645.072000,1000.244000,1000.823250,1001.433000,1001.808000,1004.433200,1027.974410,1462.191265,1874.604000
cfs,0,20000,0.5,49948,50052,1.724000,522824.328500,1060533.941000,1566750.181500,1808743.622800,2015145.886400,2036728.110416,2039857.084000,1000.696000,526430.950500,1065633.325500,1567730.683500,1817158.342200,2018165.044110,2038426.722977,2362434.621000
